$ 0 0.000005 10.20027730826997 50 5 50 5e-11
153 -48 304 80 304 0 2 0 5
153 -48 176 80 176 0 2 0 5
150 -144 160 -48 160 0 3 0 5
150 -144 320 -48 320 0 3 0 5
w 80 176 -48 288 0
w -48 192 80 304 0
150 112 288 208 288 0 3 0 5
I -272 320 -208 320 0 0.5 5
207 -272 160 -336 160 4 in
207 -176 400 -176 464 4 rw
207 -192 96 -192 32 4 sel
207 208 288 256 288 4 out
I -176 400 -176 336 0 0.5 5
w -144 144 -192 144 0
w -192 144 -192 304 0
w -192 304 -144 304 0
w -192 96 112 96 0
w 112 96 112 272 0
w -192 96 -192 144 0
w -272 160 -272 320 0
w -272 160 -144 160 0
w -208 320 -144 320 0
w -176 336 -144 336 0
w -176 336 -176 176 0
w -176 176 -144 176 0
w -176 400 112 400 0
w 112 400 112 304 0
w 80 304 112 288 0
