$ 0 0.000005 10.20027730826997 50 5 50 5e-11
f 192 112 256 112 21 1.5 0.02
f 192 208 256 208 20 1.5 0.02
w 256 128 256 160 0
w 256 160 256 192 0
w 192 112 192 160 0
w 192 160 192 208 0
g 256 224 256 256 0 0
f 16 288 80 288 20 1.5 0.02
f 16 224 80 224 20 1.5 0.02
w 80 240 80 272 0
w 80 208 80 160 0
f -32 96 32 96 21 1.5 0.02
w 32 112 80 112 0
w 80 112 80 160 0
w 192 160 80 160 0
f 176 96 112 96 53 1.5 0.02
w 112 112 80 112 0
w -32 96 -32 224 0
w -32 224 16 224 0
w 176 96 176 64 0
w 176 64 -48 64 0
w -48 64 -48 288 0
w -48 288 16 288 0
w -48 288 -80 288 0
g 80 320 80 352 0 0
w 80 320 80 304 0
w 32 80 112 80 0
w -80 96 -32 96 0
w 256 48 256 96 0
w 256 48 112 48 0
w 112 48 112 80 0
207 256 160 304 160 4 out
207 -80 96 -128 96 4 in1
207 -80 288 -128 288 4 in2
R 256 48 256 0 0 0 40 5 0 0 0.5
