$ 1 0.000005 1.500424758475255 50 5 50 5e-11
150 304 176 400 176 0 3 0 5
I 96 32 96 96 0 0.5 5
I 160 32 160 96 0 0.5 5
I 224 32 224 96 0 0.5 5
150 304 240 400 240 0 3 0 5
150 304 304 400 304 0 3 0 5
150 304 368 400 368 0 3 0 5
150 304 432 400 432 0 3 0 5
150 304 496 400 496 0 3 0 5
150 304 560 400 560 0 3 0 5
150 304 624 400 624 0 3 0 5
w 192 32 192 256 0
w 192 256 304 256 0
w 192 256 192 384 0
w 192 384 304 384 0
w 192 384 192 512 0
w 192 512 304 512 0
w 192 512 192 640 0
w 192 640 304 640 0
w 128 32 128 224 0
w 128 224 128 304 0
w 128 304 304 304 0
w 128 304 128 368 0
w 128 368 304 368 0
w 128 368 128 560 0
w 128 560 304 560 0
w 128 560 128 624 0
w 128 624 304 624 0
w 64 32 64 416 0
w 64 416 304 416 0
w 64 416 64 480 0
w 64 480 304 480 0
w 64 480 64 544 0
w 64 544 304 544 0
w 64 544 64 608 0
w 64 608 304 608 0
w 224 32 192 32 0
w 160 32 128 32 0
w 64 32 96 32 0
w 224 96 224 192 0
w 224 192 304 192 0
w 224 192 224 320 0
w 224 320 304 320 0
w 224 320 224 448 0
w 224 448 304 448 0
w 224 448 224 576 0
w 224 576 304 576 0
w 160 96 160 160 0
w 160 160 160 176 0
w 160 176 304 176 0
w 160 176 160 240 0
w 160 240 304 240 0
w 160 240 160 432 0
w 160 432 304 432 0
w 160 432 160 496 0
w 160 496 304 496 0
w 96 96 96 160 0
w 96 160 304 160 0
w 96 160 96 224 0
w 96 224 304 224 0
w 96 224 96 288 0
w 96 288 304 288 0
w 96 288 96 352 0
w 96 352 304 352 0
207 400 176 448 176 4 word0
207 224 32 224 -16 4 addr0
207 400 240 448 240 4 word1
207 400 304 448 304 4 word2
207 400 368 448 368 4 word3
207 400 432 448 432 4 word4
207 400 496 448 496 4 word5
207 400 560 448 560 4 word6
207 400 624 448 624 4 word7
207 160 32 160 -16 4 addr1
207 96 32 96 -16 4 addr2
